0.00000000 1.00000000
0.05050505 0.97724398
0.10101010 0.91134434
0.15151515 0.80910265
0.20202020 0.68088682
0.25252525 0.53932716
0.30303030 0.39776224
0.35353535 0.26865311
0.40404040 0.16218194
0.45454545 0.08521555
0.50505051 0.04075379
0.55555556 0.02790673
0.60606061 0.04236658
0.65656566 0.07727261
0.70707071 0.12431940
0.75757576 0.17493672
0.80808081 0.22137498
0.85858586 0.25755918
0.90909091 0.27962148
0.95959596 0.28607714
1.01010101 0.27766362
1.06060606 0.25690748
1.11111111 0.22751477
1.16161616 0.19369301
1.21212121 0.15950840
1.26262626 0.12836256
1.31313131 0.10264393
1.36363636 0.08357618
1.41414141 0.07125411
1.46464646 0.06483244
1.51515152 0.06281587
1.56565657 0.06339297
1.61616162 0.06475897
1.66666667 0.06538342
1.71717172 0.06419360
1.76767677 0.06066158
1.81818182 0.05479835
1.86868687 0.04707102
1.91919192 0.03826703
1.96969697 0.02933268
2.02020202 0.02121207
2.07070707 0.01470835
2.12121212 0.01038235
2.17171717 0.00849665
2.22222222 0.00900586
2.27272727 0.01158806
2.32323232 0.01570799
2.37373737 0.02070030
2.42424242 0.02586011
2.47474747 0.03052940
2.52525253 0.03416921
2.57575758 0.03641086
2.62626263 0.03708226
2.67676768 0.03620869
2.72727273 0.03399048
2.77777778 0.03076216
2.82828283 0.02693982
2.87878788 0.02296368
2.92929293 0.01924347
2.97979798 0.01611278
3.03030303 0.01379725
3.08080808 0.01239937
3.13131313 0.01190019
3.18181818 0.01217617
3.23232323 0.01302756
3.28282828 0.01421337
3.33333333 0.01548769
3.38383838 0.01663220
3.43434343 0.01748094
3.48484848 0.01793467
3.53535354 0.01796407
3.58585859 0.01760263
3.63636364 0.01693155
3.68686869 0.01605984
3.73737374 0.01510336
3.78787879 0.01416596
3.83838384 0.01332552
3.88888889 0.01262624
3.93939394 0.01207773
3.98989899 0.01165987
4.04040404 0.01133198
4.09090909 0.01104405
4.14141414 0.01074783
4.19191919 0.01040593
4.24242424 0.00999753
4.29292929 0.00952026
4.34343434 0.00898836
4.39393939 0.00842798
4.44444444 0.00787086
4.49494949 0.00734769
4.54545455 0.00688251
4.59595960 0.00648896
4.64646465 0.00616881
4.69696970 0.00591293
4.74747475 0.00570400
4.79797980 0.00552052
4.84848485 0.00534104
4.89898990 0.00514792
4.94949495 0.00492998
5.00000000 0.00468375
