0.00000000 1.00000000
0.05050505 0.98259240
0.10101010 0.93203942
0.15151515 0.85313415
0.20202020 0.75317755
0.25252525 0.64105999
0.30303030 0.52617959
0.35353535 0.41735696
0.40404040 0.32189770
0.45454545 0.24492182
0.50505051 0.18902971
0.55555556 0.15431793
0.60606061 0.13870511
0.65656566 0.13848718
0.70707071 0.14901821
0.75757576 0.16540866
0.80808081 0.18314609
0.85858586 0.19856874
0.90909091 0.20915397
0.95959596 0.21361538
1.01010101 0.21182928
1.06060606 0.20463009
1.11111111 0.19352383
1.16161616 0.18037010
1.21212121 0.16707687
1.26262626 0.15534251
1.31313131 0.14646703
1.36363636 0.14124245
1.41414141 0.13992156
1.46464646 0.14225575
1.51515152 0.14758707
1.56565657 0.15497609
1.61616162 0.16334619
1.66666667 0.17162619
1.71717172 0.17887511
1.76767677 0.18437736
1.81818182 0.18770057
1.86868687 0.18871380
1.91919192 0.18756808
1.96969697 0.18464605
2.02020202 0.18048981
2.07070707 0.17571842
2.12121212 0.17094614
2.17171717 0.16671156
2.22222222 0.16342501
2.27272727 0.16133854
2.32323232 0.16053944
2.37373737 0.16096461
2.42424242 0.16243105
2.47474747 0.16467581
2.52525253 0.16739847
2.57575758 0.17029962
2.62626263 0.17311057
2.67676768 0.17561140
2.72727273 0.17763658
2.77777778 0.17907002
2.82828283 0.17983250
2.87878788 0.17986588
2.92929293 0.17911846
2.97979798 0.17753520
3.03030303 0.17505555
3.08080808 0.17161956
3.13131313 0.16718136
3.18181818 0.16172743
3.23232323 0.15529567
3.28282828 0.14799119
3.33333333 0.13999460
3.38383838 0.13156012
3.43434343 0.12300204
3.48484848 0.11467044
3.53535354 0.10691895
3.58585859 0.10006859
3.63636364 0.09437307
3.68686869 0.08999067
3.73737374 0.08696687
3.78787879 0.08523065
3.83838384 0.08460498
3.88888889 0.08483004
3.93939394 0.08559590
3.98989899 0.08657992
4.04040404 0.08748369
4.09090909 0.08806461
4.14141414 0.08815835
4.19191919 0.08768963
4.24242424 0.08667102
4.29292929 0.08519077
4.34343434 0.08339229
4.39393939 0.08144883
4.44444444 0.07953702
4.49494949 0.07781300
4.54545455 0.07639370
4.59595960 0.07534539
4.64646465 0.07467988
4.69696970 0.07435820
4.74747475 0.07430026
4.79797980 0.07439876
4.84848485 0.07453504
4.89898990 0.07459475
4.94949495 0.07448144
5.00000000 0.07412666
