0.000000 1.000000
0.050505 0.969753
0.101010 0.883252
0.151515 0.752456
0.202020 0.594909
0.252525 0.430693
0.303030 0.279068
0.353535 0.155469
0.404040 0.069413
0.454545 0.023633
0.505051 0.014510
0.555556 0.033577
0.606061 0.069691
0.656566 0.111384
0.707071 0.148911
0.757576 0.175647
0.808081 0.188666
0.858586 0.188511
0.909091 0.178341
0.959596 0.162724
1.010101 0.146382
1.060606 0.133143
1.111111 0.125281
1.161616 0.123291
1.212121 0.126082
1.262626 0.131456
1.313131 0.136731
1.363636 0.139355
1.414141 0.137383
1.464646 0.129766
1.515152 0.116419
1.565657 0.098106
1.616162 0.076206
1.666667 0.052424
1.717172 0.028510
1.767677 0.006036
1.818182 -0.013742
1.868687 -0.029948
1.919192 -0.042083
1.969697 -0.049976
2.020202 -0.053713
2.070707 -0.053574
2.121212 -0.049975
2.171717 -0.043428
2.222222 -0.034517
2.272727 -0.023882
2.323232 -0.012204
2.373737 -0.000185
2.424242 0.011479
2.474747 0.022138
2.525253 0.031227
2.575758 0.038315
2.626263 0.043141
2.676768 0.045642
2.727273 0.045964
2.777778 0.044447
2.828283 0.041594
2.878788 0.038013
2.929293 0.034354
2.979798 0.031234
3.030303 0.029164
3.080808 0.028487
3.131313 0.029340
3.181818 0.031629
3.232323 0.035042
3.282828 0.039079
3.333333 0.043106
3.383838 0.046434
3.434343 0.048398
3.484848 0.048445
3.535354 0.046209
3.585859 0.041575
3.636364 0.034714
3.686869 0.026087
3.737374 0.016413
3.787879 0.006604
3.838384 -0.002330
3.888889 -0.009409
3.939394 -0.013803
3.989899 -0.014957
4.040404 -0.012682
4.090909 -0.007207
4.141414 0.000836
4.191919 0.010471
4.242424 0.020506
4.292929 0.029694
4.343434 0.036900
4.393939 0.041274
4.444444 0.042358
4.494949 0.040156
4.545455 0.035114
4.595960 0.028038
4.646465 0.019963
4.696970 0.011981
4.747475 0.005078
4.797980 -0.000011
4.848485 -0.002891
4.898990 -0.003539
4.949495 -0.002282
5.000000 0.000292
