0.00000000 1.00000000
0.05050505 0.96975301
0.10101010 0.88325230
0.15151515 0.75245557
0.20202020 0.59490891
0.25252525 0.43069333
0.30303030 0.27906819
0.35353535 0.15546937
0.40404040 0.06941277
0.45454545 0.02363293
0.50505051 0.01451054
0.55555556 0.03357739
0.60606061 0.06969139
0.65656566 0.11138444
0.70707071 0.14891114
0.75757576 0.17564729
0.80808081 0.18866628
0.85858586 0.18851133
0.90909091 0.17834109
0.95959596 0.16272386
1.01010101 0.14638152
1.06060606 0.13314321
1.11111111 0.12528095
1.16161616 0.12329087
1.21212121 0.12608160
1.26262626 0.13145555
1.31313131 0.13673115
1.36363636 0.13935472
1.41414141 0.13738286
1.46464646 0.12976607
1.51515152 0.11641872
1.56565657 0.09810580
1.61616162 0.07620644
1.66666667 0.05242447
1.71717172 0.02850972
1.76767677 0.00603600
1.81818182 -0.01374147
1.86868687 -0.02994768
1.91919192 -0.04208317
1.96969697 -0.04997583
2.02020202 -0.05371317
2.07070707 -0.05357459
2.12121212 -0.04997566
2.17171717 -0.04342886
2.22222222 -0.03451885
2.27272727 -0.02388641
2.32323232 -0.01221392
2.37373737 -0.00020638
2.42424242 0.01143562
2.47474747 0.02205143
2.52525253 0.03106144
2.57575758 0.03800880
2.62626263 0.04259499
2.67676768 0.04470313
2.72727273 0.04440388
2.77777778 0.04194165
2.82828283 0.03770195
2.87878788 0.03216412
2.92929293 0.02584624
2.97979798 0.01925051
3.03030303 0.01281719
3.08080808 0.00689359
3.13131313 0.00172126
3.18181818 -0.00255885
3.23232323 -0.00588724
3.28282828 -0.00825921
3.33333333 -0.00969811
3.38383838 -0.01023519
3.43434343 -0.00990042
3.48484848 -0.00872532
3.53535354 -0.00675542
3.58585859 -0.00406732
3.63636364 -0.00078403
3.68686869 0.00291724
3.73737374 0.00680887
3.78787879 0.01062886
3.83838384 0.01410708
3.88888889 0.01699649
3.93939394 0.01910342
3.98989899 0.02031044
4.04040404 0.02058760
4.09090909 0.01999015
4.14141414 0.01864367
4.19191919 0.01672038
4.24242424 0.01441162
4.29292929 0.01190205
4.34343434 0.00934998
4.39393939 0.00687661
4.44444444 0.00456452
4.49494949 0.00246384
4.54545455 0.00060304
4.59595960 -0.00099938
4.64646465 -0.00232548
4.69696970 -0.00335307
4.74747475 -0.00405622
4.79797980 -0.00441034
4.84848485 -0.00439995
4.89898990 -0.00402687
4.94949495 -0.00331641
5.00000000 -0.00231975
