0.00000000 1.00000000
0.05050505 0.99491255
0.10101010 0.97981773
0.15151515 0.95520849
0.20202020 0.92187506
0.25252525 0.88086061
0.30303030 0.83340446
0.35353535 0.78087718
0.40404040 0.72471256
0.45454545 0.66634145
0.50505051 0.60713156
0.55555556 0.54833692
0.60606061 0.49105924
0.65656566 0.43622215
0.70707071 0.38455852
0.75757576 0.33660948
0.80808081 0.29273335
0.85858586 0.25312227
0.90909091 0.21782374
0.95959596 0.18676485
1.01010101 0.15977713
1.06060606 0.13662013
1.11111111 0.11700293
1.16161616 0.10060268
1.21212121 0.08708009
1.26262626 0.07609198
1.31313131 0.06730117
1.36363636 0.06038412
1.41414141 0.05503675
1.46464646 0.05097880
1.51515152 0.04795686
1.56565657 0.04574644
1.61616162 0.04415291
1.66666667 0.04301161
1.71717172 0.04218694
1.76767677 0.04157072
1.81818182 0.04107969
1.86868687 0.04065253
1.91919192 0.04024642
1.96969697 0.03983353
2.02020202 0.03939744
2.07070707 0.03892997
2.12121212 0.03842836
2.17171717 0.03789298
2.22222222 0.03732569
2.27272727 0.03672874
2.32323232 0.03610418
2.37373737 0.03545371
2.42424242 0.03477882
2.47474747 0.03408112
2.52525253 0.03336271
2.57575758 0.03262652
2.62626263 0.03187659
2.67676768 0.03111812
2.72727273 0.03035749
2.77777778 0.02960204
2.82828283 0.02885975
2.87878788 0.02813889
2.92929293 0.02744760
2.97979798 0.02679349
3.03030303 0.02618327
3.08080808 0.02562241
3.13131313 0.02511498
3.18181818 0.02466345
3.23232323 0.02426864
3.28282828 0.02392969
3.33333333 0.02364415
3.38383838 0.02340805
3.43434343 0.02321602
3.48484848 0.02306142
3.53535354 0.02293651
3.58585859 0.02283260
3.63636364 0.02274025
3.68686869 0.02264946
3.73737374 0.02254989
3.78787879 0.02243111
3.83838384 0.02228289
3.88888889 0.02209549
3.93939394 0.02185996
3.98989899 0.02156848
4.04040404 0.02121462
4.09090909 0.02079367
4.14141414 0.02030278
4.19191919 0.01974120
4.24242424 0.01911030
4.29292929 0.01841358
4.34343434 0.01765655
4.39393939 0.01684655
4.44444444 0.01599247
4.49494949 0.01510443
4.54545455 0.01419336
4.59595960 0.01327065
4.64646465 0.01234767
4.69696970 0.01143546
4.74747475 0.01054431
4.79797980 0.00968351
4.84848485 0.00886110
4.89898990 0.00808372
4.94949495 0.00735654
5.00000000 0.00668321
