0.00000000 1.00000000
0.05050505 0.99491164
0.10101010 0.97980344
0.15151515 0.95513787
0.20202020 0.92165928
0.25252525 0.88035623
0.30303030 0.83241258
0.35353535 0.77915077
0.40404040 0.72197112
0.45454545 0.66229097
0.50505051 0.60148742
0.55555556 0.54084678
0.60606061 0.48152312
0.65656566 0.42450749
0.70707071 0.37060845
0.75757576 0.32044378
0.80808081 0.27444231
0.85858586 0.23285449
0.90909091 0.19576973
0.95959596 0.16313851
1.01010101 0.13479728
1.06060606 0.11049418
1.11111111 0.08991411
1.16161616 0.07270184
1.21212121 0.05848241
1.26262626 0.04687822
1.31313131 0.03752264
1.36363636 0.03007033
1.41414141 0.02420429
1.46464646 0.01964026
1.51515152 0.01612879
1.56565657 0.01345535
1.61616162 0.01143906
1.66666667 0.00993043
1.71717172 0.00880823
1.76767677 0.00797611
1.81818182 0.00735898
1.86868687 0.00689940
1.91919192 0.00655420
1.96969697 0.00629136
2.02020202 0.00608736
2.07070707 0.00592484
2.12121212 0.00579086
2.17171717 0.00567550
2.22222222 0.00557093
2.27272727 0.00547082
2.32323232 0.00537000
2.37373737 0.00526441
2.42424242 0.00515102
2.47474747 0.00502795
2.52525253 0.00489449
2.57575758 0.00475105
2.62626263 0.00459912
2.67676768 0.00444102
2.72727273 0.00427971
2.77777778 0.00411845
2.82828283 0.00396052
2.87878788 0.00380891
2.92929293 0.00366609
2.97979798 0.00353384
3.03030303 0.00341316
3.08080808 0.00330430
3.13131313 0.00320681
3.18181818 0.00311970
3.23232323 0.00304162
3.28282828 0.00297101
3.33333333 0.00290634
3.38383838 0.00284620
3.43434343 0.00278944
3.48484848 0.00273522
3.53535354 0.00268301
3.58585859 0.00263257
3.63636364 0.00258390
3.68686869 0.00253719
3.73737374 0.00249274
3.78787879 0.00245092
3.83838384 0.00241216
3.88888889 0.00237692
3.93939394 0.00234573
3.98989899 0.00231922
4.04040404 0.00229813
4.09090909 0.00228336
4.14141414 0.00227597
4.19191919 0.00227715
4.24242424 0.00228817
4.29292929 0.00231031
4.34343434 0.00234474
4.39393939 0.00239239
4.44444444 0.00245382
4.49494949 0.00252909
4.54545455 0.00261764
4.59595960 0.00271821
4.64646465 0.00282883
4.69696970 0.00294682
4.74747475 0.00306885
4.79797980 0.00319106
4.84848485 0.00330923
4.89898990 0.00341893
4.94949495 0.00351580
5.00000000 0.00359566
