0.000000 1.000000
0.050505 0.982592
0.101010 0.932039
0.151515 0.853134
0.202020 0.753178
0.252525 0.641060
0.303030 0.526180
0.353535 0.417357
0.404040 0.321898
0.454545 0.244922
0.505051 0.189030
0.555556 0.154318
0.606061 0.138705
0.656566 0.138487
0.707071 0.149018
0.757576 0.165409
0.808081 0.183146
0.858586 0.198569
0.909091 0.209154
0.959596 0.213615
1.010101 0.211829
1.060606 0.204630
1.111111 0.193524
1.161616 0.180370
1.212121 0.167077
1.262626 0.155342
1.313131 0.146467
1.363636 0.141242
1.414141 0.139922
1.464646 0.142256
1.515152 0.147587
1.565657 0.154976
1.616162 0.163346
1.666667 0.171626
1.717172 0.178875
1.767677 0.184377
1.818182 0.187701
1.868687 0.188714
1.919192 0.187568
1.969697 0.184646
2.020202 0.180490
2.070707 0.175718
2.121212 0.170946
2.171717 0.166712
2.222222 0.163425
2.272727 0.161339
2.323232 0.160540
2.373737 0.160965
2.424242 0.162431
2.474747 0.164676
2.525253 0.167399
2.575758 0.170299
2.626263 0.173107
2.676768 0.175601
2.727273 0.177613
2.777778 0.179022
2.828283 0.179742
2.878788 0.179707
2.929293 0.178854
2.979798 0.177119
3.030303 0.174433
3.080808 0.170734
3.131313 0.165988
3.181818 0.160210
3.232323 0.153494
3.282828 0.146032
3.333333 0.138127
3.383838 0.130190
3.434343 0.122718
3.484848 0.116251
3.535354 0.111325
3.585859 0.108396
3.636364 0.107783
3.686869 0.109602
3.737374 0.113732
3.787879 0.119798
3.838384 0.127194
3.888889 0.135133
3.939394 0.142728
3.989899 0.149095
4.040404 0.153460
4.090909 0.155263
4.141414 0.154236
4.191919 0.150446
4.242424 0.144300
4.292929 0.136500
4.343434 0.127960
4.393939 0.119689
4.444444 0.112670
4.494949 0.107724
4.545455 0.105412
4.595960 0.105961
4.646465 0.109235
4.696970 0.114765
4.747475 0.121808
4.797980 0.129454
4.848485 0.136742
4.898990 0.142788
4.949495 0.146891
5.000000 0.148612
