0.000000 1.000000
0.050505 0.984786
0.101010 0.940221
0.151515 0.869431
0.202020 0.777306
0.252525 0.670045
0.303030 0.554610
0.353535 0.438116
0.404040 0.327252
0.454545 0.227764
0.505051 0.144068
0.555556 0.079008
0.606061 0.033783
0.656566 0.008023
0.707071 0.000000
0.757576 0.006936
0.808081 0.025365
0.858586 0.051509
0.909091 0.081628
0.959596 0.112317
1.010101 0.140718
1.060606 0.164664
1.111111 0.182722
1.161616 0.194179
1.212121 0.198956
1.262626 0.197491
1.313131 0.190601
1.363636 0.179340
1.414141 0.164863
1.464646 0.148321
1.515152 0.130772
1.565657 0.113121
1.616162 0.096096
1.666667 0.080230
1.717172 0.065877
1.767677 0.053229
1.818182 0.042345
1.868687 0.033180
1.919192 0.025618
1.969697 0.019496
2.020202 0.014629
2.070707 0.010826
2.121212 0.007904
2.171717 0.005693
2.222222 0.004047
2.272727 0.002840
2.323232 0.001967
2.373737 0.001346
2.424242 0.000909
2.474747 0.000606
2.525253 0.000399
2.575758 0.000260
2.626263 0.000167
2.676768 0.000106
2.727273 0.000067
2.777778 0.000041
2.828283 0.000025
2.878788 0.000015
2.929293 0.000009
2.979798 0.000005
3.030303 0.000003
3.080808 0.000002
3.131313 0.000001
3.181818 0.000001
3.232323 0.000000
3.282828 0.000000
3.333333 0.000000
3.383838 0.000000
3.434343 0.000000
3.484848 0.000000
3.535354 0.000000
3.585859 0.000000
3.636364 0.000000
3.686869 0.000000
3.737374 0.000000
3.787879 0.000000
3.838384 0.000000
3.888889 0.000000
3.939394 0.000000
3.989899 0.000000
4.040404 0.000000
4.090909 0.000000
4.141414 0.000000
4.191919 0.000000
4.242424 0.000000
4.292929 0.000000
4.343434 0.000000
4.393939 0.000000
4.444444 0.000000
4.494949 0.000000
4.545455 0.000000
4.595960 0.000000
4.646465 0.000000
4.696970 0.000000
4.747475 0.000000
4.797980 0.000000
4.848485 0.000000
4.898990 0.000000
4.949495 -0.000000
5.000000 -0.000000
