1.00 2.039608
2.00 2.955276
3.00 2.964503
4.00 3.920870
5.00 4.323010
6.00 5.330830
7.00 5.486649
8.00 6.032960
9.00 6.362705
10.00 6.958169
11.00 7.204863
12.00 7.855423
13.00 8.187287
14.00 8.956758
15.00 9.291029
16.00 9.888729
17.00 10.143241
18.00 10.577635
19.00 10.645825
20.00 10.944930
21.00 10.971902
22.00 11.220814
23.00 11.313536
24.00 11.643584
25.00 11.683099
26.00 11.932812
27.00 11.878900
28.00 11.984329
29.00 11.714062
30.00 11.704945
31.00 11.529871
32.00 11.688628
33.00 11.695711
34.00 11.844146
35.00 11.718111
36.00 11.709002
37.00 11.407837
38.00 11.367485
39.00 11.304305
40.00 11.613351
41.00 11.587053
42.00 11.583421
43.00 11.189029
44.00 11.076369
45.00 10.964010
46.00 11.125746
47.00 11.027967
48.00 11.217621
49.00 11.362729
50.00 11.722932
