0.000000 1.000000
0.102041 0.978448
0.204082 0.916043
0.306122 0.819236
0.408163 0.697820
0.510204 0.563648
0.612245 0.429122
0.714286 0.305684
0.816327 0.202508
0.918367 0.125587
1.020408 0.077293
1.122449 0.056457
1.224490 0.058905
1.326531 0.078336
1.428571 0.107391
1.530612 0.138744
1.632653 0.166066
1.734694 0.184732
1.836735 0.192210
1.938776 0.188107
2.040816 0.173915
2.142857 0.152516
2.244898 0.127557
2.346939 0.102790
2.448980 0.081489
2.551020 0.066011
2.653061 0.057549
2.755102 0.056095
2.857143 0.060588
2.959184 0.069202
3.061224 0.079723
3.163265 0.089932
3.265306 0.097947
3.367347 0.102472
3.469388 0.102928
3.571429 0.099455
3.673469 0.092808
3.775510 0.084166
3.877551 0.074898
3.979592 0.066333
4.081633 0.059551
4.183673 0.055252
4.285714 0.053683
4.387755 0.054655
4.489796 0.057620
4.591837 0.061797
4.693878 0.066319
4.795918 0.070379
4.897959 0.073348
5.000000 0.074854
