0.000000 1.000000
0.102041 0.978583
0.204082 0.917147
0.306122 0.823598
0.408163 0.709464
0.510204 0.587827
0.612245 0.471153
0.714286 0.369458
0.816327 0.289141
0.918367 0.232627
1.020408 0.198752
1.122449 0.183693
1.224490 0.182154
1.326531 0.188537
1.428571 0.197891
1.530612 0.206495
1.632653 0.212084
1.734694 0.213745
1.836735 0.211610
1.938776 0.206454
2.040816 0.199324
2.142857 0.191239
2.244898 0.183021
2.346939 0.175239
2.448980 0.168225
2.551020 0.162141
2.653061 0.157047
2.755102 0.152944
2.857143 0.149804
2.959184 0.147557
3.061224 0.146089
3.163265 0.145225
3.265306 0.144734
3.367347 0.144357
3.469388 0.143836
3.571429 0.142961
3.673469 0.141603
3.775510 0.139738
3.877551 0.137444
3.979592 0.134884
4.081633 0.132269
4.183673 0.129813
4.285714 0.127690
4.387755 0.126007
4.489796 0.124789
4.591837 0.123985
4.693878 0.123487
4.795918 0.123162
4.897959 0.122885
5.000000 0.122562
