0.000000 1.000000
0.102041 0.978713
0.204082 0.919096
0.306122 0.832506
0.408163 0.733846
0.510204 0.637286
0.612245 0.552864
0.714286 0.485023
0.816327 0.433235
0.918367 0.394026
1.020408 0.363357
1.122449 0.338367
1.224490 0.317969
1.326531 0.302382
1.428571 0.292076
1.530612 0.286825
1.632653 0.285304
1.734694 0.285357
1.836735 0.284698
1.938776 0.281640
2.040816 0.275536
2.142857 0.266755
2.244898 0.256315
2.346939 0.245379
2.448980 0.234860
2.551020 0.225258
2.653061 0.216734
2.755102 0.209300
2.857143 0.202987
2.959184 0.197904
3.061224 0.194165
3.163265 0.191763
3.265306 0.190469
3.367347 0.189833
3.469388 0.189281
3.571429 0.188289
3.673469 0.186527
3.775510 0.183936
3.877551 0.180702
3.979592 0.177155
4.081633 0.173637
4.183673 0.170403
4.285714 0.167585
4.387755 0.165212
4.489796 0.163259
4.591837 0.161698
4.693878 0.160518
4.795918 0.159703
4.897959 0.159206
5.000000 0.158928
