0.000000 1.000000
0.102041 0.978608
0.204082 0.918454
0.306122 0.830343
0.408163 0.728601
0.510204 0.627204
0.612245 0.536703
0.714286 0.462814
0.816327 0.406675
0.918367 0.366179
1.020408 0.337621
1.122449 0.317089
1.224490 0.301338
1.326531 0.288159
1.428571 0.276364
1.530612 0.265558
1.632653 0.255798
1.734694 0.247291
1.836735 0.240166
1.938776 0.234377
2.040816 0.229705
2.142857 0.225829
2.244898 0.222414
2.346939 0.219170
2.448980 0.215891
2.551020 0.212459
2.653061 0.208835
2.755102 0.205045
2.857143 0.201160
2.959184 0.197274
3.061224 0.193478
3.163265 0.189842
3.265306 0.186397
3.367347 0.183128
3.469388 0.179990
3.571429 0.176919
3.673469 0.173859
3.775510 0.170787
3.877551 0.167717
3.979592 0.164704
4.081633 0.161826
4.183673 0.159168
4.285714 0.156797
4.387755 0.154754
4.489796 0.153042
4.591837 0.151632
4.693878 0.150469
4.795918 0.149481
4.897959 0.148591
5.000000 0.147725
