1.00 2.236068
2.00 3.006659
3.00 2.775077
4.00 3.941496
5.00 4.260429
6.00 5.005797
7.00 5.253198
8.00 6.037777
9.00 6.447265
10.00 6.961178
11.00 7.128180
12.00 7.759267
13.00 8.109064
14.00 8.767932
15.00 9.197996
16.00 9.677804
17.00 9.804725
18.00 9.978595
19.00 9.998003
20.00 10.212210
21.00 10.185684
22.00 10.361181
23.00 10.360584
24.00 10.635434
25.00 10.478529
26.00 10.449608
27.00 10.205642
28.00 10.289203
29.00 10.185766
30.00 10.312199
31.00 10.283839
32.00 10.290559
33.00 10.061398
34.00 10.076068
35.00 10.037062
36.00 10.107639
37.00 10.031216
38.00 10.086759
39.00 10.062500
40.00 10.153196
41.00 10.086063
42.00 10.162266
43.00 10.183634
44.00 10.342748
45.00 10.386387
46.00 10.466321
47.00 10.294396
48.00 10.193741
49.00 10.064233
50.00 10.110604
