0.000000 1.000000
0.102041 0.974284
0.204082 0.900819
0.306122 0.789944
0.408163 0.656698
0.510204 0.518078
0.612245 0.390109
0.714286 0.285353
0.816327 0.211297
0.918367 0.169832
1.020408 0.157782
1.122449 0.168224
1.224490 0.192239
1.326531 0.220707
1.428571 0.245820
1.530612 0.262101
1.632653 0.266847
1.734694 0.260014
1.836735 0.243688
1.938776 0.221284
2.040816 0.196688
2.142857 0.173485
2.244898 0.154390
2.346939 0.140955
2.448980 0.133518
2.551020 0.131388
2.653061 0.133153
2.755102 0.137054
2.857143 0.141346
2.959184 0.144575
3.061224 0.145767
3.163265 0.144494
3.265306 0.140853
3.367347 0.135354
3.469388 0.128778
3.571429 0.122008
3.673469 0.115869
3.775510 0.111011
3.877551 0.107824
3.979592 0.106405
4.081633 0.106578
4.183673 0.107941
4.285714 0.109952
4.387755 0.112023
4.489796 0.113605
4.591837 0.114274
4.693878 0.113775
4.795918 0.112049
4.897959 0.109225
5.000000 0.105579
