1.00 2.039608
2.00 3.971412
3.00 4.072067
4.00 4.857156
5.00 5.750465
6.00 7.654398
7.00 7.070432
8.00 7.467174
9.00 8.123352
10.00 9.139231
11.00 9.602798
12.00 10.659728
13.00 10.768240
14.00 11.345560
15.00 12.617910
16.00 13.348681
17.00 13.486430
18.00 13.787199
19.00 13.968177
20.00 14.705967
21.00 14.880941
22.00 15.239516
23.00 15.250234
24.00 15.978105
25.00 16.253936
26.00 16.517449
27.00 16.498840
28.00 16.877263
29.00 16.714225
30.00 16.909242
31.00 16.770448
32.00 16.774398
33.00 16.339915
34.00 16.068973
35.00 15.975088
36.00 16.169465
37.00 16.074600
38.00 16.036955
39.00 15.756769
40.00 15.839924
41.00 16.083141
42.00 16.699154
43.00 16.975026
44.00 17.191147
45.00 16.888100
46.00 16.549932
47.00 16.105790
48.00 16.219547
49.00 16.274298
50.00 16.378914
