1.00 2.043624
2.00 2.448478
3.00 2.231097
4.00 2.839522
5.00 3.306999
6.00 4.195395
7.00 4.734053
8.00 5.540277
9.00 5.737851
10.00 5.833400
11.00 6.084221
12.00 6.664625
13.00 6.868037
14.00 7.251371
15.00 7.504948
16.00 7.860362
17.00 7.977779
18.00 8.253817
19.00 8.329725
20.00 8.440181
21.00 8.406648
22.00 8.614490
23.00 8.708258
24.00 8.922772
25.00 8.899598
26.00 8.928647
27.00 8.836999
28.00 8.935641
29.00 8.830835
30.00 8.905794
31.00 8.848872
32.00 9.063513
33.00 9.094348
34.00 9.304144
35.00 9.383049
36.00 9.620155
37.00 9.449510
38.00 9.269495
39.00 8.842098
40.00 8.787612
41.00 8.652322
42.00 8.791128
43.00 8.707118
44.00 8.735921
45.00 8.603171
46.00 8.665038
47.00 8.682965
48.00 8.921568
49.00 8.965539
50.00 9.075256
