1.00 2.043624
2.00 3.822702
3.00 4.160217
4.00 5.364794
5.00 5.696943
6.00 6.454021
7.00 6.801521
8.00 7.764848
9.00 8.070079
10.00 8.898728
11.00 9.247402
12.00 10.010435
13.00 10.269744
14.00 11.016743
15.00 11.274503
16.00 11.837212
17.00 12.020502
18.00 12.492511
19.00 12.467694
20.00 12.579947
21.00 12.290948
22.00 12.345709
23.00 12.222587
24.00 12.430263
25.00 12.244501
26.00 12.205434
27.00 11.696752
28.00 11.469406
29.00 11.232118
30.00 11.405266
31.00 11.468543
32.00 11.776302
33.00 11.880182
34.00 12.133066
35.00 12.114408
36.00 12.223895
37.00 12.038740
38.00 12.036483
39.00 11.859418
40.00 12.010077
41.00 11.969959
42.00 12.004959
43.00 11.707585
44.00 11.679473
45.00 11.482890
46.00 11.538892
47.00 11.474588
48.00 11.666842
49.00 11.652280
50.00 11.738370
