0.000000 1.000000 1.000000 1.000000
0.100503 0.994969 0.994969 0.994970
0.201005 0.980108 0.980099 0.980113
0.301508 0.956084 0.956044 0.956112
0.402010 0.923936 0.923819 0.924019
0.502513 0.884971 0.884713 0.885155
0.603015 0.840649 0.840172 0.840992
0.703518 0.792471 0.791699 0.793033
0.804020 0.741883 0.740748 0.742717
0.904523 0.690197 0.688652 0.691345
1.005025 0.638546 0.636570 0.640035
1.105528 0.587864 0.585464 0.589701
1.206030 0.538880 0.536085 0.541054
1.306533 0.492130 0.488991 0.494617
1.407035 0.447982 0.444562 0.450745
1.507538 0.406660 0.403028 0.409654
1.608040 0.368269 0.364497 0.371445
1.708543 0.332823 0.328981 0.336131
1.809045 0.300268 0.296417 0.303660
1.909548 0.270499 0.266693 0.273930
2.010050 0.243379 0.239663 0.246808
2.110553 0.218747 0.215157 0.222140
2.211055 0.196434 0.192997 0.199761
2.311558 0.176265 0.173001 0.179501
2.412060 0.158067 0.154988 0.161195
2.512563 0.141673 0.138786 0.144677
2.613065 0.126924 0.124230 0.129793
2.713568 0.113667 0.111165 0.116395
2.814070 0.101763 0.099448 0.104347
2.914573 0.091082 0.088947 0.093519
3.015075 0.081504 0.079541 0.083796
3.115578 0.072920 0.071119 0.075069
3.216080 0.065230 0.063581 0.067239
3.316583 0.058343 0.056837 0.060218
3.417085 0.052178 0.050804 0.053923
3.517588 0.046660 0.045409 0.048282
3.618090 0.041722 0.040584 0.043227
3.718593 0.037305 0.036270 0.038698
3.819095 0.033353 0.032414 0.034642
3.919598 0.029819 0.028967 0.031009
4.020101 0.026658 0.025886 0.027756
4.120603 0.023832 0.023132 0.024844
4.221106 0.021304 0.020671 0.022236
4.321608 0.019044 0.018471 0.019902
4.422111 0.017024 0.016505 0.017812
4.522613 0.015218 0.014749 0.015941
4.623116 0.013603 0.013179 0.014267
4.723618 0.012160 0.011776 0.012768
4.824121 0.010869 0.010523 0.011426
4.924623 0.009715 0.009403 0.010226
5.025126 0.008684 0.008402 0.009151
5.125628 0.007762 0.007507 0.008190
5.226131 0.006938 0.006708 0.007329
5.326633 0.006202 0.005994 0.006559
5.427136 0.005544 0.005356 0.005870
5.527638 0.004955 0.004786 0.005253
5.628141 0.004429 0.004276 0.004701
5.728643 0.003959 0.003821 0.004207
5.829146 0.003539 0.003414 0.003764
5.929648 0.003163 0.003051 0.003369
6.030151 0.002827 0.002726 0.003015
6.130653 0.002527 0.002436 0.002698
6.231156 0.002259 0.002176 0.002414
6.331658 0.002019 0.001945 0.002160
6.432161 0.001805 0.001738 0.001933
6.532663 0.001613 0.001553 0.001730
6.633166 0.001442 0.001387 0.001548
6.733668 0.001289 0.001240 0.001386
6.834171 0.001152 0.001108 0.001240
6.934673 0.001030 0.000990 0.001110
7.035176 0.000920 0.000884 0.000996
7.135678 0.000823 0.000790 0.000900
7.236181 0.000736 0.000706 0.000832
7.336683 0.000659 0.000631 0.000822
7.437186 0.000594 0.000564 0.000933
7.537688 0.000548 0.000504 0.001293
7.638191 0.000538 0.000450 0.002127
7.738693 0.000609 0.000402 0.003803
7.839196 0.000848 0.000359 0.006860
7.939698 0.001419 0.000321 0.012021
8.040201 0.002597 0.000287 0.020183
8.140704 0.004807 0.000256 0.032355
8.241206 0.008645 0.000229 0.049574
8.341709 0.014884 0.000205 0.072788
8.442211 0.024446 0.000183 0.102737
8.542714 0.038338 0.000163 0.139844
8.643216 0.057559 0.000146 0.184138
8.743719 0.082986 0.000130 0.235217
8.844221 0.115261 0.000117 0.292263
8.944724 0.154693 0.000104 0.354084
9.045226 0.201190 0.000093 0.419208
9.145729 0.254239 0.000083 0.485980
9.246231 0.312920 0.000074 0.552676
9.346734 0.375969 0.000066 0.617604
9.447236 0.441858 0.000059 0.679198
9.547739 0.508908 0.000053 0.736089
9.648241 0.575391 0.000047 0.787147
9.748744 0.639633 0.000042 0.831511
9.849246 0.700105 0.000038 0.868597
9.949749 0.755482 0.000034 0.898082
10.050251 0.804691 0.000030 0.919884
10.150754 0.846935 0.000027 0.934133
10.251256 0.881691 0.000024 0.941133
10.351759 0.908701 0.000022 0.941327
10.452261 0.927943 0.000019 0.935261
10.552764 0.939604 0.000017 0.923549
10.653266 0.944039 0.000016 0.906848
10.753769 0.941736 0.000016 0.885827
10.854271 0.933279 0.000019 0.861152
10.954774 0.919314 0.000032 0.833464
11.055276 0.900522 0.000068 0.803374
11.155779 0.877590 0.000160 0.771445
11.256281 0.851196 0.000372 0.738196
11.356784 0.821990 0.000823 0.704092
11.457286 0.790581 0.001713 0.669545
11.557789 0.757534 0.003359 0.634917
11.658291 0.723360 0.006222 0.600519
11.758794 0.688516 0.010923 0.566613
11.859296 0.653404 0.018243 0.533420
11.959799 0.618374 0.029087 0.501119
12.060302 0.583724 0.044423 0.469852
12.160804 0.549702 0.065196 0.439730
12.261307 0.516515 0.092217 0.410836
12.361809 0.484328 0.126063 0.383224
12.462312 0.453271 0.166982 0.356932
12.562814 0.423441 0.214831 0.331974
12.663317 0.394908 0.269056 0.308352
12.763819 0.367716 0.328706 0.286053
12.864322 0.341890 0.392492 0.265056
12.964824 0.317437 0.458870 0.245328
13.065327 0.294349 0.526141 0.226830
13.165829 0.272606 0.592566 0.209521
13.266332 0.252177 0.656461 0.193351
13.366834 0.233026 0.716293 0.178272
13.467337 0.215108 0.770740 0.164231
13.567839 0.198375 0.818742 0.151175
13.668342 0.182777 0.859521 0.139053
13.768844 0.168259 0.892584 0.127810
13.869347 0.154766 0.917709 0.117396
13.969849 0.142245 0.934919 0.107761
14.070352 0.130640 0.944446 0.098855
14.170854 0.119897 0.946696 0.090632
14.271357 0.109964 0.942202 0.083045
14.371859 0.100789 0.931595 0.076053
14.472362 0.092324 0.915560 0.069613
14.572864 0.084521 0.894813 0.063687
14.673367 0.077334 0.870071 0.058237
14.773869 0.070721 0.842032 0.053229
14.874372 0.064641 0.811362 0.048633
14.974874 0.059055 0.778680 0.044420
15.075377 0.053926 0.744553 0.040564
15.175879 0.049221 0.709491 0.037033
15.276382 0.044907 0.673945 0.033788
15.376884 0.040954 0.638310 0.030784
15.477387 0.037333 0.602922 0.027972
15.577889 0.034022 0.568067 0.025317
15.678392 0.030997 0.533979 0.022817
15.778894 0.028238 0.500850 0.020519
15.879397 0.025722 0.468829 0.018534
15.979899 0.023420 0.438032 0.017018
16.080402 0.021295 0.408542 0.016145
16.180905 0.019306 0.380415 0.016050
16.281407 0.017419 0.353683 0.016767
16.381910 0.015621 0.328359 0.018173
16.482412 0.013942 0.304441 0.019949
16.582915 0.012465 0.281909 0.021579
16.683417 0.011324 0.260737 0.022383
16.783920 0.010679 0.240888 0.021585
16.884422 0.010679 0.222316 0.018412
16.984925 0.011403 0.204974 0.012199
17.085427 0.012800 0.188809 0.002494
17.185930 0.014653 0.173766 -0.010862
17.286432 0.016550 0.159788 -0.027681
17.386935 0.017906 0.146818 -0.047416
17.487437 0.018013 0.134801 -0.069181
17.587940 0.016118 0.123679 -0.091810
17.688442 0.011521 0.113398 -0.113935
17.788945 0.003686 0.103905 -0.134089
17.889447 -0.007680 0.095148 -0.150800
17.989950 -0.022549 0.087078 -0.162692
18.090452 -0.040544 0.079649 -0.168565
18.190955 -0.060944 0.072815 -0.167466
18.291457 -0.082718 0.066533 -0.158726
18.391960 -0.104593 0.060763 -0.141990
18.492462 -0.125148 0.055468 -0.117213
18.592965 -0.142906 0.050612 -0.084649
18.693467 -0.156439 0.046161 -0.044816
18.793970 -0.164455 0.042084 0.001540
18.894472 -0.165877 0.038352 0.053492
18.994975 -0.159896 0.034938 0.109988
19.095477 -0.146009 0.031816 0.169893
19.195980 -0.124029 0.028963 0.232040
19.296482 -0.094080 0.026357 0.295270
19.396985 -0.056573 0.023977 0.358469
19.497487 -0.012168 0.021805 0.420597
19.597990 0.038266 0.019824 0.480711
19.698492 0.093707 0.018018 0.537981
19.798995 0.153028 0.016372 0.591697
19.899497 0.215047 0.014871 0.641279
20.000000 0.278573 0.013505 0.686271
