0.000000 1.000000 1.000000 1.000000 1.000000 1.000000
0.100503 0.994961 0.994960 0.994960 0.994961 0.994960
0.201005 0.979972 0.979962 0.979968 0.979984 0.979969
0.301508 0.955419 0.955369 0.955398 0.955480 0.955402
0.402010 0.921924 0.921773 0.921861 0.922113 0.921873
0.502513 0.880329 0.879973 0.880180 0.880769 0.880209
0.603015 0.831653 0.830949 0.831361 0.832519 0.831416
0.703518 0.777065 0.775830 0.776554 0.778570 0.776651
0.804020 0.717833 0.715854 0.717019 0.720217 0.717170
0.904523 0.655282 0.652331 0.654077 0.658793 0.654296
1.005025 0.590748 0.586600 0.589068 0.595621 0.589368
1.105528 0.525538 0.519991 0.523311 0.531966 0.523698
1.206030 0.460887 0.453779 0.458060 0.469006 0.458537
1.306533 0.397923 0.389156 0.394474 0.407791 0.395036
1.407035 0.337645 0.327196 0.333584 0.349229 0.334216
1.507538 0.280896 0.268832 0.276269 0.294069 0.276951
1.608040 0.228353 0.214833 0.223243 0.242896 0.223947
1.708543 0.180520 0.165795 0.175047 0.196130 0.175736
1.809045 0.137730 0.122136 0.132042 0.154037 0.132677
1.909548 0.100154 0.084095 0.094421 0.116736 0.094960
2.010050 0.067809 0.051740 0.062215 0.084219 0.062616
2.110553 0.040579 0.024980 0.035309 0.056368 0.035535
2.211055 0.018231 0.003587 0.013465 0.032971 0.013484
2.311558 0.000442 -0.012789 -0.003661 0.013745 -0.003872
2.412060 -0.013184 -0.024593 -0.016489 -0.001646 -0.016945
2.512563 -0.023092 -0.032341 -0.025500 -0.013574 -0.026202
2.613065 -0.029755 -0.036594 -0.031205 -0.022431 -0.032142
2.713568 -0.033656 -0.037936 -0.034128 -0.028615 -0.035280
2.814070 -0.035271 -0.036949 -0.034786 -0.032518 -0.036121
2.914573 -0.035056 -0.034194 -0.033671 -0.034515 -0.035150
3.015075 -0.033432 -0.030197 -0.031243 -0.034960 -0.032819
3.115578 -0.030785 -0.025430 -0.027912 -0.034178 -0.029535
3.216080 -0.027453 -0.020305 -0.024037 -0.032461 -0.025656
3.316583 -0.023727 -0.015167 -0.019921 -0.030068 -0.021488
3.417085 -0.019848 -0.010293 -0.015811 -0.027222 -0.017279
3.517588 -0.016011 -0.005888 -0.011898 -0.024114 -0.013228
3.618090 -0.012366 -0.002094 -0.008321 -0.020900 -0.009481
3.718593 -0.009021 0.001009 -0.005173 -0.017707 -0.006141
3.819095 -0.006049 0.003391 -0.002507 -0.014632 -0.003269
3.919598 -0.003491 0.005069 -0.000340 -0.011750 -0.000891
4.020101 -0.001361 0.006093 0.001338 -0.009111 0.000994
4.120603 0.000347 0.006539 0.002559 -0.006749 0.002408
4.221106 0.001655 0.006500 0.003367 -0.004678 0.003391
4.321608 0.002599 0.006079 0.003819 -0.002904 0.003995
4.422111 0.003219 0.005378 0.003974 -0.001418 0.004274
4.522613 0.003562 0.004495 0.003895 -0.000208 0.004290
4.623116 0.003675 0.003522 0.003639 0.000748 0.004099
4.723618 0.003606 0.002534 0.003260 0.001474 0.003758
4.824121 0.003399 0.001595 0.002806 0.001996 0.003315
4.924623 0.003092 0.000752 0.002317 0.002341 0.002815
5.025126 0.002722 0.000036 0.001826 0.002537 0.002293
5.125628 0.002319 -0.000533 0.001358 0.002608 0.001780
5.226131 0.001907 -0.000950 0.000932 0.002580 0.001297
5.326633 0.001506 -0.001221 0.000559 0.002475 0.000862
5.427136 0.001130 -0.001357 0.000246 0.002313 0.000483
5.527638 0.000791 -0.001378 -0.000006 0.002111 0.000166
5.628141 0.000494 -0.001305 -0.000198 0.001885 -0.000087
5.728643 0.000242 -0.001163 -0.000335 0.001647 -0.000279
5.829146 0.000037 -0.000975 -0.000422 0.001407 -0.000415
5.929648 -0.000123 -0.000762 -0.000467 0.001174 -0.000500
6.030151 -0.000243 -0.000543 -0.000477 0.000953 -0.000542
6.130653 -0.000324 -0.000334 -0.000461 0.000749 -0.000549
6.231156 -0.000374 -0.000147 -0.000425 0.000565 -0.000528
6.331658 -0.000396 0.000012 -0.000375 0.000402 -0.000486
6.432161 -0.000396 0.000136 -0.000319 0.000262 -0.000431
6.532663 -0.000380 0.000226 -0.000259 0.000143 -0.000367
6.633166 -0.000350 0.000281 -0.000201 0.000045 -0.000300
6.733668 -0.000312 0.000306 -0.000146 -0.000033 -0.000234
6.834171 -0.000270 0.000305 -0.000096 -0.000093 -0.000172
6.934673 -0.000225 0.000283 -0.000054 -0.000137 -0.000115
7.035176 -0.000181 0.000247 -0.000019 -0.000168 -0.000066
7.135678 -0.000138 0.000201 0.000009 -0.000186 -0.000024
7.236181 -0.000100 0.000152 0.000030 -0.000194 0.000009
7.336683 -0.000066 0.000102 0.000044 -0.000195 0.000034
7.437186 -0.000036 0.000056 0.000052 -0.000189 0.000052
7.537688 -0.000012 0.000016 0.000056 -0.000178 0.000064
7.638191 0.000007 -0.000017 0.000056 -0.000164 0.000069
7.738693 0.000022 -0.000042 0.000054 -0.000147 0.000071
7.839196 0.000032 -0.000058 0.000049 -0.000130 0.000068
7.939698 0.000039 -0.000067 0.000042 -0.000112 0.000063
8.040201 0.000043 -0.000069 0.000036 -0.000094 0.000056
8.140704 0.000043 -0.000066 0.000028 -0.000077 0.000048
8.241206 0.000042 -0.000059 0.000022 -0.000061 0.000039
8.341709 0.000039 -0.000049 0.000015 -0.000047 0.000031
8.442211 0.000036 -0.000038 0.000010 -0.000034 0.000022
8.542714 0.000031 -0.000027 0.000005 -0.000023 0.000015
8.643216 0.000026 -0.000016 0.000001 -0.000014 0.000009
8.743719 0.000021 -0.000006 -0.000002 -0.000006 0.000003
8.844221 0.000017 0.000002 -0.000004 0.000001 -0.000001
8.944724 0.000012 0.000008 -0.000006 0.000006 -0.000004
9.045226 0.000009 0.000012 -0.000006 0.000009 -0.000007
9.145729 0.000005 0.000014 -0.000007 0.000012 -0.000008
9.246231 0.000002 0.000015 -0.000007 0.000014 -0.000009
9.346734 -0.000000 0.000015 -0.000006 0.000014 -0.000009
9.447236 -0.000002 0.000013 -0.000006 0.000015 -0.000009
9.547739 -0.000003 0.000011 -0.000005 0.000014 -0.000008
9.648241 -0.000004 0.000009 -0.000004 0.000014 -0.000007
9.748744 -0.000005 0.000006 -0.000003 0.000013 -0.000006
9.849246 -0.000005 0.000004 -0.000002 0.000011 -0.000005
9.949749 -0.000005 0.000002 -0.000002 0.000010 -0.000004
10.050251 -0.000004 0.000000 -0.000001 0.000009 -0.000003
10.150754 -0.000004 -0.000001 -0.000000 0.000008 -0.000002
10.251256 -0.000004 -0.000002 -0.000000 0.000006 -0.000001
10.351759 -0.000003 -0.000003 0.000000 0.000005 -0.000000
10.452261 -0.000003 -0.000003 0.000001 0.000004 0.000000
10.552764 -0.000002 -0.000003 0.000001 0.000003 0.000001
10.653266 -0.000002 -0.000003 0.000001 0.000002 0.000001
10.753769 -0.000001 -0.000002 0.000001 0.000002 0.000001
10.854271 -0.000001 -0.000002 0.000001 0.000003 0.000001
10.954774 -0.000000 -0.000001 0.000001 0.000006 0.000001
11.055276 -0.000000 -0.000001 0.000001 0.000012 0.000001
11.155779 0.000000 -0.000000 0.000001 0.000026 0.000001
11.256281 0.000000 -0.000000 0.000000 0.000053 0.000001
11.356784 0.000000 0.000000 0.000000 0.000106 0.000001
11.457286 0.000000 0.000000 0.000000 0.000202 0.000001
11.557789 0.000001 0.000001 0.000000 0.000373 0.000001
11.658291 0.000001 0.000001 0.000000 0.000663 0.000000
11.758794 0.000000 0.000001 0.000000 0.001142 0.000000
11.859296 0.000000 0.000001 -0.000000 0.001909 0.000000
11.959799 0.000000 0.000001 -0.000000 0.003100 0.000000
12.060302 0.000000 0.000000 -0.000000 0.004897 -0.000000
12.160804 0.000000 0.000000 -0.000000 0.007537 -0.000000
12.261307 0.000000 0.000000 -0.000000 0.011315 -0.000000
12.361809 0.000000 0.000000 -0.000000 0.016587 -0.000000
12.462312 0.000000 0.000000 -0.000000 0.023767 -0.000000
12.562814 0.000000 -0.000000 -0.000000 0.033323 -0.000000
12.663317 0.000000 -0.000000 -0.000000 0.045758 -0.000000
12.763819 0.000000 -0.000000 -0.000000 0.061594 -0.000000
12.864322 -0.000000 -0.000000 -0.000000 0.081345 -0.000000
12.964824 -0.000000 -0.000000 -0.000000 0.105484 -0.000000
13.065327 -0.000000 -0.000000 -0.000000 0.134411 -0.000000
13.165829 -0.000000 -0.000000 -0.000000 0.168415 -0.000000
13.266332 -0.000000 -0.000000 -0.000000 0.207642 -0.000000
13.366834 -0.000000 -0.000000 -0.000000 0.252067 -0.000000
13.467337 -0.000000 -0.000000 0.000000 0.301466 -0.000000
13.567839 -0.000000 -0.000000 0.000000 0.355406 -0.000000
13.668342 -0.000000 -0.000000 0.000000 0.413239 0.000000
13.768844 -0.000000 -0.000000 0.000000 0.474112 0.000000
13.869347 -0.000000 0.000000 0.000000 0.536982 0.000000
13.969849 -0.000000 0.000000 0.000000 0.600652 0.000000
14.070352 -0.000000 0.000000 0.000000 0.663804 0.000000
14.170854 -0.000000 0.000000 0.000000 0.725051 0.000000
14.271357 -0.000000 0.000000 0.000000 0.782984 0.000000
14.371859 -0.000000 0.000000 0.000000 0.836225 0.000000
14.472362 -0.000000 0.000000 0.000000 0.883482 0.000000
14.572864 -0.000000 0.000000 0.000000 0.923594 0.000000
14.673367 0.000000 0.000000 0.000000 0.955575 0.000000
14.773869 0.000000 0.000000 0.000000 0.978647 0.000000
14.874372 0.000000 0.000000 0.000000 0.992266 0.000000
14.974874 0.000000 0.000000 0.000000 0.996136 0.000000
15.075377 0.000000 -0.000000 -0.000000 0.990214 0.000000
15.175879 0.000000 -0.000000 -0.000000 0.974703 0.000000
15.276382 0.000000 -0.000000 -0.000000 0.950042 -0.000000
15.376884 0.000000 -0.000000 -0.000000 0.916876 -0.000000
15.477387 0.000000 -0.000000 -0.000000 0.876034 -0.000000
15.577889 0.000000 -0.000000 -0.000000 0.828492 -0.000000
15.678392 0.000000 -0.000000 -0.000000 0.775337 -0.000000
15.778894 0.000000 -0.000000 -0.000000 0.717729 -0.000000
15.879397 0.000000 -0.000000 -0.000000 0.656862 -0.000000
15.979899 0.000000 -0.000000 -0.000000 0.593930 -0.000000
16.080402 0.000000 -0.000000 -0.000000 0.530094 -0.000000
16.180905 0.000000 -0.000000 -0.000000 0.466451 -0.000000
16.281407 0.000000 -0.000000 -0.000000 0.404011 -0.000000
16.381910 -0.000000 0.000000 -0.000000 0.343675 -0.000000
16.482412 -0.000000 0.000000 -0.000000 0.286224 -0.000000
16.582915 -0.000000 0.000000 0.000000 0.232309 -0.000000
16.683417 -0.000000 0.000000 0.000000 0.182443 -0.000000
16.783920 -0.000000 0.000000 0.000000 0.137008 -0.000000
16.884422 -0.000000 0.000000 0.000000 0.096250 -0.000000
16.984925 -0.000000 0.000000 0.000000 0.060296 0.000000
17.085427 -0.000000 0.000000 0.000000 0.029157 0.000000
17.185930 -0.000000 0.000000 0.000000 0.002744 0.000000
17.286432 -0.000000 0.000000 0.000000 -0.019117 0.000000
17.386935 -0.000000 0.000000 0.000000 -0.036677 0.000000
17.487437 -0.000000 0.000000 0.000000 -0.050241 0.000000
17.587940 -0.000000 0.000000 0.000000 -0.060158 0.000000
17.688442 -0.000000 -0.000000 0.000000 -0.066808 0.000000
17.788945 -0.000000 -0.000000 0.000000 -0.070586 0.000000
17.889447 -0.000000 -0.000000 0.000000 -0.071893 0.000000
17.989950 0.000000 -0.000000 0.000000 -0.071121 0.000000
18.090452 0.000000 -0.000000 0.000000 -0.068653 0.000000
18.190955 0.000000 -0.000000 -0.000000 -0.064847 0.000000
18.291457 0.000000 -0.000000 -0.000000 -0.060036 0.000000
18.391960 0.000000 -0.000000 -0.000000 -0.054521 0.000000
18.492462 0.000000 -0.000000 -0.000000 -0.048571 0.000000
18.592965 0.000000 -0.000000 -0.000000 -0.042419 -0.000000
18.693467 0.000000 -0.000000 -0.000000 -0.036263 -0.000000
18.793970 0.000000 -0.000000 -0.000000 -0.030268 -0.000000
18.894472 0.000000 0.000000 -0.000000 -0.024563 -0.000000
18.994975 0.000000 0.000000 -0.000000 -0.019249 -0.000000
19.095477 0.000000 0.000000 -0.000000 -0.014398 -0.000000
19.195980 0.000001 0.000000 -0.000000 -0.010058 -0.000000
19.296482 0.000001 0.000000 -0.000000 -0.006252 -0.000000
19.396985 0.000002 0.000000 -0.000000 -0.002986 -0.000000
19.497487 0.000005 0.000000 -0.000000 -0.000250 -0.000000
19.597990 0.000008 0.000000 -0.000000 0.001978 -0.000000
19.698492 0.000015 0.000000 -0.000000 0.003730 -0.000000
19.798995 0.000026 0.000000 0.000000 0.005048 -0.000000
19.899497 0.000045 0.000000 0.000000 0.005975 -0.000000
20.000000 0.000075 0.000000 0.000000 0.006557 -0.000000
