0.000000 1.000000 1.000000 1.000000 1.000000 1.000000
0.100503 0.994959 0.994959 0.994959 0.994959 0.994959
0.201005 0.979948 0.979944 0.979944 0.979945 0.979946
0.301508 0.955301 0.955280 0.955282 0.955284 0.955289
0.402010 0.921561 0.921497 0.921503 0.921509 0.921526
0.502513 0.879467 0.879316 0.879330 0.879343 0.879384
0.603015 0.829930 0.829629 0.829656 0.829684 0.829765
0.703518 0.774007 0.773473 0.773522 0.773571 0.773715
0.804020 0.712871 0.712004 0.712083 0.712163 0.712398
0.904523 0.647775 0.646461 0.646582 0.646703 0.647059
1.005025 0.580017 0.578138 0.578312 0.578485 0.578995
1.105528 0.510905 0.508344 0.508583 0.508821 0.509517
1.206030 0.441725 0.438375 0.438689 0.439002 0.439914
1.306533 0.373701 0.369474 0.369873 0.370271 0.371424
1.407035 0.307971 0.302808 0.303299 0.303789 0.305200
1.507538 0.245554 0.239435 0.240022 0.240608 0.242284
1.608040 0.187337 0.180284 0.180968 0.181649 0.183586
1.708543 0.134050 0.126135 0.126911 0.127684 0.129863
1.809045 0.086258 0.077604 0.078463 0.079319 0.081709
1.909548 0.044356 0.035137 0.036066 0.036990 0.039544
2.010050 0.008569 -0.000995 -0.000016 0.000959 0.003618
2.110553 -0.021045 -0.030694 -0.029687 -0.028684 -0.025992
2.211055 -0.044585 -0.054027 -0.053018 -0.052014 -0.049367
2.311558 -0.062289 -0.071213 -0.070232 -0.069255 -0.066741
2.412060 -0.074521 -0.082610 -0.081687 -0.080769 -0.078475
2.512563 -0.081748 -0.088694 -0.087861 -0.087032 -0.085046
2.613065 -0.084520 -0.090039 -0.089326 -0.088614 -0.087017
2.713568 -0.083444 -0.087291 -0.086724 -0.086158 -0.085020
2.814070 -0.079163 -0.081144 -0.080748 -0.080351 -0.079730
2.914573 -0.072333 -0.072319 -0.072112 -0.071901 -0.071837
3.015075 -0.063604 -0.061536 -0.061531 -0.061518 -0.062032
3.115578 -0.053597 -0.049496 -0.049697 -0.049887 -0.050976
3.216080 -0.042890 -0.036855 -0.037261 -0.037651 -0.039292
3.316583 -0.032006 -0.024215 -0.024814 -0.025395 -0.027540
3.417085 -0.021399 -0.012102 -0.012877 -0.013630 -0.016213
3.517588 -0.011450 -0.000960 -0.001886 -0.002787 -0.005721
3.618090 -0.002463 0.008855 0.007810 0.006793 0.003610
3.718593 0.005337 0.017084 0.015957 0.014859 0.011540
3.819095 0.011804 0.023560 0.022390 0.021252 0.017916
3.919598 0.016861 0.028205 0.027036 0.025897 0.022667
4.020101 0.020499 0.031026 0.029900 0.028804 0.025796
4.120603 0.022764 0.032105 0.031063 0.030049 0.027374
4.221106 0.023754 0.031587 0.030668 0.029773 0.027526
4.321608 0.023602 0.029669 0.028907 0.028163 0.026422
4.422111 0.022471 0.026590 0.026011 0.025443 0.024266
4.522613 0.020541 0.022609 0.022233 0.021861 0.021279
4.623116 0.018002 0.018001 0.017839 0.017673 0.017696
4.723618 0.015041 0.013038 0.013094 0.013135 0.013746
4.824121 0.011841 0.007984 0.008249 0.008491 0.009649
4.924623 0.008569 0.003076 0.003536 0.003964 0.005605
5.025126 0.005372 -0.001477 -0.000845 -0.000253 0.001790
5.125628 0.002375 -0.005499 -0.004726 -0.003999 -0.001651
5.226131 -0.000320 -0.008860 -0.007981 -0.007153 -0.004608
5.326633 -0.002639 -0.011468 -0.010522 -0.009631 -0.007002
5.427136 -0.004534 -0.013276 -0.012304 -0.011390 -0.008790
5.527638 -0.005979 -0.014276 -0.013321 -0.012422 -0.009961
5.628141 -0.006974 -0.014498 -0.013601 -0.012754 -0.010532
5.728643 -0.007534 -0.014007 -0.013202 -0.012444 -0.010547
5.829146 -0.007693 -0.012890 -0.012212 -0.011570 -0.010067
5.929648 -0.007498 -0.011260 -0.010733 -0.010233 -0.009172
6.030151 -0.007003 -0.009240 -0.008883 -0.008540 -0.007950
6.130653 -0.006271 -0.006962 -0.006784 -0.006609 -0.006495
6.231156 -0.005362 -0.004557 -0.004561 -0.004555 -0.004901
6.331658 -0.004341 -0.002151 -0.002331 -0.002488 -0.003258
6.432161 -0.003266 0.000142 -0.000201 -0.000507 -0.001649
6.532663 -0.002192 0.002221 0.001736 0.001300 -0.000144
6.633166 -0.001163 0.004005 0.003406 0.002865 0.001197
6.733668 -0.000220 0.005436 0.004753 0.004134 0.002329
6.834171 0.000608 0.006475 0.005741 0.005077 0.003222
6.934673 0.001300 0.007105 0.006357 0.005679 0.003862
7.035176 0.001844 0.007332 0.006603 0.005943 0.004245
7.135678 0.002235 0.007179 0.006503 0.005890 0.004382
7.236181 0.002477 0.006686 0.006091 0.005552 0.004294
7.336683 0.002579 0.005905 0.005417 0.004973 0.004011
7.437186 0.002554 0.004900 0.004536 0.004205 0.003566
7.537688 0.002420 0.003738 0.003511 0.003302 0.003000
7.638191 0.002198 0.002489 0.002405 0.002322 0.002353
7.738693 0.001909 0.001222 0.001278 0.001320 0.001665
7.839196 0.001574 -0.000000 0.000189 0.000348 0.000973
7.939698 0.001214 -0.001120 -0.000813 -0.000549 0.000311
8.040201 0.000848 -0.002091 -0.001684 -0.001333 -0.000292
8.140704 0.000493 -0.002878 -0.002395 -0.001977 -0.000814
8.241206 0.000163 -0.003455 -0.002922 -0.002461 -0.001239
8.341709 -0.000131 -0.003813 -0.003257 -0.002776 -0.001556
8.442211 -0.000380 -0.003950 -0.003399 -0.002923 -0.001762
8.542714 -0.000579 -0.003878 -0.003358 -0.002909 -0.001860
8.643216 -0.000727 -0.003616 -0.003151 -0.002749 -0.001857
8.743719 -0.000824 -0.003194 -0.002804 -0.002466 -0.001763
8.844221 -0.000871 -0.002645 -0.002345 -0.002085 -0.001594
8.944724 -0.000874 -0.002006 -0.001807 -0.001634 -0.001365
9.045226 -0.000838 -0.001316 -0.001224 -0.001141 -0.001095
9.145729 -0.000769 -0.000615 -0.000630 -0.000637 -0.000802
9.246231 -0.000676 0.000061 -0.000054 -0.000147 -0.000502
9.346734 -0.000565 0.000681 0.000475 0.000305 -0.000210
9.447236 -0.000444 0.001218 0.000934 0.000701 0.000060
9.547739 -0.000319 0.001650 0.001307 0.001024 0.000296
9.648241 -0.000197 0.001965 0.001581 0.001265 0.000492
9.748744 -0.000082 0.002154 0.001751 0.001419 0.000643
9.849246 0.000021 0.002219 0.001817 0.001487 0.000744
9.949749 0.000110 0.002166 0.001785 0.001472 0.000798
10.050251 0.000182 0.002006 0.001663 0.001383 0.000807
10.150754 0.000237 0.001755 0.001467 0.001231 0.000775
10.251256 0.000274 0.001434 0.001212 0.001030 0.000708
10.351759 0.000294 0.001063 0.000916 0.000794 0.000614
10.452261 0.000299 0.000667 0.000597 0.000539 0.000499
10.552764 0.000289 0.000266 0.000275 0.000279 0.000373
10.653266 0.000268 -0.000117 -0.000035 0.000029 0.000242
10.753769 0.000238 -0.000466 -0.000317 -0.000201 0.000114
10.854271 0.000202 -0.000764 -0.000559 -0.000399 -0.000005
10.954774 0.000161 -0.000999 -0.000752 -0.000558 -0.000112
11.055276 0.000119 -0.001166 -0.000889 -0.000674 -0.000200
11.155779 0.000077 -0.001259 -0.000970 -0.000745 -0.000269
11.256281 0.000037 -0.001280 -0.000993 -0.000770 -0.000317
11.356784 0.000000 -0.001233 -0.000962 -0.000753 -0.000344
11.457286 -0.000031 -0.001125 -0.000884 -0.000698 -0.000351
11.557789 -0.000057 -0.000967 -0.000767 -0.000612 -0.000340
11.658291 -0.000077 -0.000771 -0.000619 -0.000502 -0.000312
11.758794 -0.000091 -0.000549 -0.000451 -0.000376 -0.000273
11.859296 -0.000099 -0.000315 -0.000273 -0.000241 -0.000224
11.959799 -0.000102 -0.000081 -0.000096 -0.000106 -0.000170
12.060302 -0.000100 0.000139 0.000072 0.000023 -0.000113
12.160804 -0.000093 0.000335 0.000222 0.000138 -0.000057
12.261307 -0.000084 0.000499 0.000348 0.000236 -0.000004
12.361809 -0.000072 0.000625 0.000445 0.000313 0.000043
12.462312 -0.000058 0.000709 0.000511 0.000366 0.000083
12.562814 -0.000044 0.000750 0.000545 0.000395 0.000114
12.663317 -0.000029 0.000748 0.000547 0.000401 0.000136
12.763819 -0.000015 0.000707 0.000520 0.000385 0.000148
12.864322 -0.000003 0.000631 0.000468 0.000350 0.000152
12.964824 0.000008 0.000528 0.000396 0.000300 0.000148
13.065327 0.000018 0.000405 0.000308 0.000239 0.000137
13.165829 0.000025 0.000269 0.000212 0.000170 0.000120
13.266332 0.000030 0.000129 0.000112 0.000099 0.000099
13.366834 0.000033 -0.000007 0.000014 0.000029 0.000076
13.467337 0.000035 -0.000134 -0.000076 -0.000036 0.000051
13.567839 0.000034 -0.000244 -0.000155 -0.000094 0.000027
13.668342 0.000032 -0.000333 -0.000220 -0.000141 0.000004
13.768844 0.000029 -0.000398 -0.000267 -0.000177 -0.000017
13.869347 0.000025 -0.000437 -0.000296 -0.000200 -0.000034
13.969849 0.000021 -0.000450 -0.000307 -0.000210 -0.000048
14.070352 0.000016 -0.000438 -0.000301 -0.000208 -0.000058
14.170854 0.000011 -0.000404 -0.000279 -0.000195 -0.000064
14.271357 0.000006 -0.000350 -0.000244 -0.000173 -0.000066
14.371859 0.000002 -0.000282 -0.000199 -0.000144 -0.000064
14.472362 -0.000002 -0.000204 -0.000147 -0.000110 -0.000060
14.572864 -0.000005 -0.000121 -0.000092 -0.000072 -0.000053
14.673367 -0.000008 -0.000037 -0.000036 -0.000035 -0.000044
14.773869 -0.000010 0.000043 0.000018 0.000001 -0.000034
14.874372 -0.000011 0.000115 0.000066 0.000034 -0.000023
14.974874 -0.000012 0.000175 0.000106 0.000062 -0.000012
15.075377 -0.000012 0.000222 0.000138 0.000084 -0.000002
15.175879 -0.000011 0.000253 0.000159 0.000099 0.000007
15.276382 -0.000010 0.000269 0.000171 0.000108 0.000014
15.376884 -0.000009 0.000269 0.000172 0.000110 0.000020
15.477387 -0.000007 0.000254 0.000164 0.000106 0.000025
15.577889 -0.000006 0.000227 0.000147 0.000097 0.000027
15.678392 -0.000004 0.000190 0.000124 0.000083 0.000028
15.778894 -0.000002 0.000145 0.000097 0.000067 0.000028
15.879397 -0.000001 0.000095 0.000066 0.000048 0.000026
15.979899 0.000000 0.000044 0.000034 0.000028 0.000023
16.080402 0.000002 -0.000006 0.000003 0.000008 0.000019
16.180905 0.000003 -0.000051 -0.000025 -0.000010 0.000015
16.281407 0.000003 -0.000091 -0.000050 -0.000026 0.000010
16.381910 0.000004 -0.000123 -0.000071 -0.000039 0.000006
16.482412 0.000004 -0.000147 -0.000085 -0.000048 0.000001
16.582915 0.000004 -0.000160 -0.000094 -0.000055 -0.000003
16.683417 0.000004 -0.000164 -0.000097 -0.000057 -0.000006
16.783920 0.000004 -0.000159 -0.000095 -0.000057 -0.000009
16.884422 0.000003 -0.000145 -0.000087 -0.000053 -0.000011
16.984925 0.000003 -0.000125 -0.000076 -0.000047 -0.000012
17.085427 0.000002 -0.000099 -0.000061 -0.000039 -0.000012
17.185930 0.000002 -0.000070 -0.000044 -0.000029 -0.000012
17.286432 0.000001 -0.000039 -0.000026 -0.000019 -0.000011
17.386935 0.000000 -0.000008 -0.000008 -0.000009 -0.000010
17.487437 -0.000000 0.000021 0.000008 0.000001 -0.000008
17.587940 -0.000000 0.000047 0.000023 0.000010 -0.000007
17.688442 -0.000001 0.000069 0.000036 0.000017 -0.000005
17.788945 -0.000001 0.000085 0.000045 0.000023 -0.000003
17.889447 -0.000001 0.000095 0.000051 0.000027 -0.000001
17.989950 -0.000001 0.000100 0.000054 0.000030 0.000001
18.090452 -0.000001 0.000098 0.000054 0.000030 0.000002
18.190955 -0.000001 0.000092 0.000051 0.000029 0.000004
18.291457 -0.000001 0.000081 0.000045 0.000026 0.000004
18.391960 -0.000001 0.000066 0.000037 0.000022 0.000005
18.492462 -0.000001 0.000048 0.000028 0.000017 0.000005
18.592965 -0.000001 0.000030 0.000018 0.000012 0.000005
18.693467 -0.000001 0.000011 0.000008 0.000007 0.000005
18.793970 -0.000000 -0.000007 -0.000002 0.000002 0.000004
18.894472 -0.000000 -0.000024 -0.000010 -0.000003 0.000004
18.994975 -0.000000 -0.000038 -0.000018 -0.000008 0.000003
19.095477 0.000000 -0.000049 -0.000024 -0.000011 0.000002
19.195980 0.000000 -0.000056 -0.000028 -0.000013 0.000001
19.296482 0.000000 -0.000060 -0.000030 -0.000015 0.000000
19.396985 0.000000 -0.000060 -0.000031 -0.000015 -0.000000
19.497487 0.000000 -0.000057 -0.000029 -0.000015 -0.000001
19.597990 0.000000 -0.000051 -0.000026 -0.000014 -0.000002
19.698492 0.000000 -0.000043 -0.000022 -0.000012 -0.000002
19.798995 0.000000 -0.000033 -0.000017 -0.000010 -0.000002
19.899497 0.000000 -0.000021 -0.000012 -0.000007 -0.000002
20.000000 0.000000 -0.000010 -0.000006 -0.000005 -0.000002
