0.000000 1.000000 1.000000 1.000000 1.000000 1.000000
0.100503 0.994966 0.994965 0.994967 0.994965 0.994965
0.201005 0.980053 0.980036 0.980067 0.980045 0.980044
0.301508 0.955817 0.955735 0.955888 0.955777 0.955776
0.402010 0.923139 0.922892 0.923351 0.923019 0.923015
0.502513 0.883157 0.882595 0.883637 0.882884 0.882874
0.603015 0.837192 0.836120 0.838102 0.836673 0.836654
0.703518 0.786659 0.784862 0.788180 0.785791 0.785761
0.804020 0.732990 0.730256 0.735300 0.731671 0.731627
0.904523 0.677560 0.673704 0.680812 0.675703 0.675643
1.005025 0.621629 0.616522 0.625936 0.619172 0.619096
1.105528 0.566301 0.559884 0.571723 0.563215 0.563126
1.206030 0.512502 0.504795 0.519039 0.508795 0.508695
1.306533 0.460969 0.452068 0.468567 0.456685 0.456579
1.407035 0.412256 0.402326 0.420810 0.407468 0.407361
1.507538 0.366745 0.356000 0.376111 0.361551 0.361449
1.608040 0.324666 0.313356 0.334674 0.319179 0.319087
1.708543 0.286121 0.274508 0.296585 0.280460 0.280383
1.809045 0.251106 0.239446 0.261837 0.245389 0.245331
1.909548 0.219533 0.208066 0.230351 0.213871 0.213834
2.010050 0.191254 0.180188 0.201992 0.185746 0.185730
2.110553 0.166078 0.155583 0.176588 0.160805 0.160812
2.211055 0.143785 0.133992 0.153944 0.138812 0.138841
2.311558 0.124143 0.115142 0.133849 0.119517 0.119566
2.412060 0.106912 0.098757 0.116088 0.102665 0.102732
2.512563 0.091857 0.084567 0.100450 0.088005 0.088087
2.613065 0.078751 0.072319 0.086727 0.075297 0.075392
2.713568 0.067380 0.061775 0.074722 0.064317 0.064421
2.814070 0.057544 0.052720 0.064252 0.054856 0.054967
2.914573 0.049060 0.044959 0.055145 0.046725 0.046840
3.015075 0.041759 0.038316 0.047244 0.039751 0.039869
3.115578 0.035492 0.032639 0.040405 0.033784 0.033901
3.216080 0.030124 0.027792 0.034498 0.028685 0.028800
3.316583 0.025534 0.023658 0.029408 0.024335 0.024447
3.417085 0.021618 0.020133 0.025030 0.020630 0.020738
3.517588 0.018281 0.017131 0.021272 0.017478 0.017580
3.618090 0.015443 0.014574 0.018052 0.014798 0.014895
3.718593 0.013032 0.012397 0.015297 0.012523 0.012614
3.819095 0.010988 0.010545 0.012945 0.010593 0.010677
3.919598 0.009256 0.008968 0.010939 0.008957 0.009035
4.020101 0.007790 0.007627 0.009232 0.007571 0.007642
4.120603 0.006551 0.006487 0.007781 0.006397 0.006462
4.221106 0.005506 0.005516 0.006549 0.005404 0.005463
4.321608 0.004623 0.004691 0.005506 0.004564 0.004618
4.422111 0.003880 0.003989 0.004622 0.003853 0.003902
4.522613 0.003254 0.003393 0.003876 0.003253 0.003297
4.623116 0.002727 0.002885 0.003245 0.002745 0.002785
4.723618 0.002284 0.002453 0.002714 0.002317 0.002352
4.824121 0.001913 0.002086 0.002267 0.001955 0.001986
4.924623 0.001600 0.001774 0.001891 0.001649 0.001677
5.025126 0.001338 0.001509 0.001575 0.001391 0.001416
5.125628 0.001119 0.001283 0.001311 0.001174 0.001196
5.226131 0.000935 0.001091 0.001089 0.000990 0.001009
5.326633 0.000781 0.000928 0.000903 0.000835 0.000852
5.427136 0.000652 0.000789 0.000749 0.000704 0.000719
5.527638 0.000544 0.000671 0.000619 0.000594 0.000607
5.628141 0.000454 0.000571 0.000512 0.000501 0.000512
5.728643 0.000378 0.000485 0.000422 0.000422 0.000432
5.829146 0.000315 0.000413 0.000348 0.000356 0.000365
5.929648 0.000263 0.000351 0.000286 0.000300 0.000308
6.030151 0.000219 0.000298 0.000235 0.000253 0.000260
6.130653 0.000182 0.000254 0.000192 0.000213 0.000219
6.231156 0.000152 0.000216 0.000157 0.000180 0.000185
6.331658 0.000126 0.000183 0.000128 0.000152 0.000156
6.432161 0.000105 0.000156 0.000105 0.000128 0.000132
6.532663 0.000087 0.000133 0.000085 0.000108 0.000111
6.633166 0.000073 0.000113 0.000069 0.000091 0.000094
6.733668 0.000060 0.000096 0.000056 0.000077 0.000079
6.834171 0.000050 0.000082 0.000045 0.000065 0.000067
6.934673 0.000042 0.000069 0.000036 0.000054 0.000056
7.035176 0.000035 0.000059 0.000029 0.000046 0.000048
7.135678 0.000029 0.000050 0.000023 0.000039 0.000040
7.236181 0.000024 0.000043 0.000019 0.000033 0.000034
7.336683 0.000020 0.000036 0.000015 0.000027 0.000029
7.437186 0.000016 0.000031 0.000012 0.000023 0.000024
7.537688 0.000014 0.000026 0.000009 0.000020 0.000020
7.638191 0.000011 0.000022 0.000007 0.000016 0.000017
7.738693 0.000009 0.000019 0.000006 0.000014 0.000014
7.839196 0.000008 0.000016 0.000004 0.000012 0.000012
7.939698 0.000006 0.000014 0.000004 0.000010 0.000010
8.040201 0.000005 0.000012 0.000003 0.000008 0.000009
8.140704 0.000004 0.000010 0.000005 0.000007 0.000007
8.241206 0.000004 0.000008 0.000012 0.000006 0.000006
8.341709 0.000003 0.000007 0.000032 0.000005 0.000005
8.442211 0.000003 0.000006 0.000085 0.000004 0.000004
8.542714 0.000002 0.000005 0.000210 0.000004 0.000004
8.643216 0.000002 0.000004 0.000484 0.000003 0.000003
8.743719 0.000001 0.000004 0.001040 0.000003 0.000003
8.844221 0.000001 0.000003 0.002095 0.000002 0.000002
8.944724 0.000001 0.000003 0.003978 0.000002 0.000002
9.045226 0.000001 0.000002 0.007149 0.000002 0.000002
9.145729 0.000001 0.000002 0.012210 0.000001 0.000001
9.246231 0.000001 0.000002 0.019897 0.000001 0.000001
9.346734 0.000000 0.000001 0.031050 0.000001 0.000001
9.447236 0.000000 0.000001 0.046554 0.000001 0.000001
9.547739 0.000001 0.000001 0.067267 0.000001 0.000001
9.648241 0.000001 0.000001 0.093932 0.000001 0.000001
9.748744 0.000004 0.000001 0.127091 0.000000 0.000000
9.849246 0.000010 0.000001 0.167009 0.000000 0.000000
9.949749 0.000027 0.000001 0.213617 0.000000 0.000000
10.050251 0.000067 0.000000 0.266486 0.000000 0.000000
10.150754 0.000156 0.000000 0.324834 0.000000 0.000000
10.251256 0.000345 0.000000 0.387557 0.000000 0.000000
10.351759 0.000719 0.000000 0.453290 0.000000 0.000000
10.452261 0.001418 0.000000 0.520486 0.000000 0.000000
10.552764 0.002658 0.000000 0.587500 0.000000 0.000000
10.653266 0.004752 0.000000 0.652685 0.000000 0.000000
10.753769 0.008124 0.000000 0.714467 0.000000 0.000000
10.854271 0.013320 0.000000 0.771422 0.000000 0.000000
10.954774 0.021003 0.000000 0.822329 0.000000 0.000000
11.055276 0.031928 0.000000 0.866208 0.000000 0.000000
11.155779 0.046901 0.000000 0.902344 0.000000 0.000000
11.256281 0.066722 0.000000 0.930286 0.000000 0.000000
11.356784 0.092113 0.000000 0.949845 0.000000 0.000000
11.457286 0.123643 0.000000 0.961067 0.000000 0.000000
11.557789 0.161653 0.000000 0.964209 0.000000 0.000000
11.658291 0.206201 0.000000 0.959707 0.000000 0.000000
11.758794 0.257020 0.000000 0.948133 0.000000 0.000000
11.859296 0.313504 0.000000 0.930170 0.000000 0.000000
11.959799 0.374725 0.000000 0.906566 0.000000 0.000000
12.060302 0.439465 0.000000 0.878113 0.000000 0.000000
12.160804 0.506284 0.000000 0.845612 0.000000 0.000000
12.261307 0.573594 0.000000 0.809853 0.000000 0.000000
12.361809 0.639742 0.000000 0.771595 0.000000 0.000000
12.462312 0.703097 0.000000 0.731551 0.000000 0.000000
12.562814 0.762128 0.000000 0.690377 0.000000 0.000000
12.663317 0.815473 0.000000 0.648667 0.000000 0.000000
12.763819 0.861989 0.000000 0.606945 0.000000 0.000000
12.864322 0.900794 0.000000 0.565667 0.000001 0.000000
12.964824 0.931276 0.000000 0.525220 0.000003 0.000000
13.065327 0.953102 0.000000 0.485926 0.000007 0.000000
13.165829 0.966207 0.000000 0.448046 0.000017 0.000000
13.266332 0.970763 0.000000 0.411780 0.000041 0.000000
13.366834 0.967155 0.000000 0.377280 0.000092 0.000000
13.467337 0.955942 0.000000 0.344649 0.000198 0.000000
13.567839 0.937817 0.000000 0.313950 0.000404 0.000000
13.668342 0.913569 0.000000 0.285212 0.000789 0.000000
13.768844 0.884046 0.000000 0.258433 0.001474 0.000000
13.869347 0.850120 0.000000 0.233584 0.002644 0.000000
13.969849 0.812662 0.000000 0.210620 0.004560 0.000000
14.070352 0.772511 0.000000 0.189477 0.007578 0.000000
14.170854 0.730464 0.000000 0.170078 0.012157 0.000000
14.271357 0.687250 0.000000 0.152340 0.018861 0.000000
14.371859 0.643532 0.000000 0.136171 0.028351 0.000001
14.472362 0.599891 0.000000 0.121476 0.041350 0.000002
14.572864 0.556832 0.000000 0.108159 0.058614 0.000005
14.673367 0.514780 0.000000 0.096122 0.080866 0.000012
14.773869 0.474082 0.000000 0.085272 0.108740 0.000029
14.874372 0.435014 0.000000 0.075514 0.142707 0.000065
14.974874 0.397786 0.000000 0.066759 0.183016 0.000142
15.075377 0.362550 0.000000 0.058923 0.229639 0.000292
15.175879 0.329402 0.000000 0.051923 0.282237 0.000578
15.276382 0.298394 0.000000 0.045684 0.340149 0.001094
15.376884 0.269538 0.000000 0.040133 0.402404 0.001988
15.477387 0.242814 0.000000 0.035205 0.467759 0.003475
15.577889 0.218176 0.000000 0.030837 0.534759 0.005856
15.678392 0.195555 0.000000 0.026973 0.601805 0.009526
15.778894 0.174867 0.000000 0.023561 0.667243 0.014987
15.879397 0.156016 0.000000 0.020553 0.729444 0.022840
15.979899 0.138898 0.000000 0.017905 0.786884 0.033771
16.080402 0.123404 0.000000 0.015578 0.838214 0.048516
16.180905 0.109422 0.000000 0.013537 0.882313 0.067819
16.281407 0.096840 0.000000 0.011748 0.918327 0.092371
16.381910 0.085551 0.000000 0.010183 0.945686 0.122741
16.482412 0.075446 0.000000 0.008816 0.964109 0.159318
16.582915 0.066423 0.000000 0.007623 0.973588 0.202242
16.683417 0.058386 0.000000 0.006584 0.974366 0.251365
16.783920 0.051243 0.000000 0.005680 0.966905 0.306220
16.884422 0.044907 0.000000 0.004894 0.951839 0.366021
16.984925 0.039298 0.000000 0.004212 0.929940 0.429685
17.085427 0.034343 0.000000 0.003620 0.902073 0.495878
17.185930 0.029972 0.000000 0.003108 0.869152 0.563077
17.286432 0.026125 0.000000 0.002669 0.832111 0.629651
17.386935 0.022744 0.000000 0.002297 0.791867 0.693944
17.487437 0.019776 0.000000 0.001983 0.749299 0.754357
17.587940 0.017177 0.000000 0.001718 0.705224 0.809426
17.688442 0.014902 0.000000 0.001485 0.660386 0.857886
17.788945 0.012915 0.000000 0.001260 0.615448 0.898717
17.889447 0.011181 0.000000 0.001014 0.570982 0.931178
17.989950 0.009671 0.000000 0.000725 0.527473 0.954814
18.090452 0.008356 0.000000 0.000384 0.485320 0.969460
18.190955 0.007214 0.000000 0.000015 0.444840 0.975216
18.291457 0.006222 0.000000 -0.000319 0.406272 0.972421
18.391960 0.005361 0.000000 -0.000508 0.369790 0.961618
18.492462 0.004616 0.000000 -0.000408 0.335505 0.943507
18.592965 0.003971 0.000000 0.000137 0.303477 0.918908
18.693467 0.003414 0.000000 0.001262 0.273720 0.888716
18.793970 0.002932 0.000000 0.003037 0.246212 0.853862
18.894472 0.002517 0.000000 0.005429 0.220901 0.815281
18.994975 0.002158 0.000000 0.008268 0.197711 0.773880
19.095477 0.001850 0.000000 0.011240 0.176551 0.730517
19.195980 0.001584 0.000000 0.013891 0.157312 0.685982
19.296482 0.001356 0.000000 0.015665 0.139882 0.640986
19.396985 0.001160 0.000000 0.015959 0.124140 0.596155
19.497487 0.000991 0.000000 0.014192 0.109967 0.552025
19.597990 0.000847 0.000000 0.009885 0.097242 0.509043
19.698492 0.000723 0.000000 0.002728 0.085846 0.467570
19.798995 0.000617 0.000000 -0.007352 0.075666 0.427890
19.899497 0.000526 0.000000 -0.020157 0.066594 0.390211
20.000000 0.000449 0.000000 -0.035201 0.058527 0.354679
