0.000000 1.000000 1.000000 1.000000 1.000000 1.000000
0.050251 0.998738 0.998738 0.998738 0.998738 0.998738
0.100503 0.994963 0.994962 0.994963 0.994964 0.994963
0.150754 0.988706 0.988701 0.988704 0.988709 0.988704
0.201005 0.980018 0.980001 0.980011 0.980026 0.980012
0.251256 0.968968 0.968928 0.968952 0.968989 0.968955
0.301508 0.955646 0.955564 0.955614 0.955688 0.955618
0.351759 0.940156 0.940008 0.940098 0.940234 0.940106
0.402010 0.922619 0.922373 0.922523 0.922750 0.922536
0.452261 0.903171 0.902786 0.903021 0.903375 0.903041
0.502513 0.881956 0.881386 0.881735 0.882260 0.881764
0.552764 0.859132 0.858324 0.858819 0.859564 0.858860
0.603015 0.834862 0.833757 0.834435 0.835456 0.834490
0.653266 0.809315 0.807850 0.808752 0.810108 0.808824
0.703518 0.782665 0.780775 0.781941 0.783695 0.782033
0.753769 0.755088 0.752704 0.754178 0.756394 0.754292
0.804020 0.726755 0.723812 0.725636 0.728381 0.725775
0.854271 0.697841 0.694273 0.696491 0.699827 0.696655
0.904523 0.668513 0.664261 0.666910 0.670899 0.667103
0.954774 0.638934 0.633943 0.637061 0.641759 0.637282
1.005025 0.609259 0.603483 0.607102 0.612560 0.607351
1.055276 0.579636 0.573037 0.577183 0.583445 0.577461
1.105528 0.550203 0.542756 0.547449 0.554550 0.547754
1.155779 0.521090 0.512778 0.518031 0.525997 0.518361
1.206030 0.492413 0.483234 0.489053 0.497900 0.489406
1.256281 0.464281 0.454244 0.460626 0.470359 0.460998
1.306533 0.436788 0.425916 0.432850 0.443465 0.433238
1.356784 0.410021 0.398347 0.405815 0.417296 0.406215
1.407035 0.384051 0.371624 0.379598 0.391918 0.380004
1.457286 0.358941 0.345818 0.354266 0.367388 0.354673
1.507538 0.334743 0.320993 0.329872 0.343752 0.330275
1.557789 0.311498 0.297199 0.306461 0.321044 0.306855
1.608040 0.289237 0.274475 0.284067 0.299291 0.284445
1.658291 0.267984 0.252848 0.262714 0.278511 0.263071
1.708543 0.247751 0.232339 0.242416 0.258712 0.242746
1.758794 0.228544 0.212954 0.223179 0.239897 0.223478
1.809045 0.210362 0.194695 0.205002 0.222061 0.205265
1.859296 0.193196 0.177552 0.187876 0.205194 0.188099
1.909548 0.177034 0.161510 0.171786 0.189280 0.171966
1.959799 0.161855 0.146547 0.156712 0.174300 0.156845
2.010050 0.147638 0.132635 0.142628 0.160228 0.142712
2.060302 0.134353 0.119741 0.129505 0.147039 0.129538
2.110553 0.121972 0.107828 0.117309 0.134703 0.117291
2.160804 0.110461 0.096855 0.106005 0.123187 0.105934
2.211055 0.099785 0.086780 0.095554 0.112458 0.095432
2.261307 0.089907 0.077556 0.085918 0.102483 0.085745
2.311558 0.080791 0.069138 0.077055 0.093225 0.076832
2.361809 0.072396 0.061478 0.068925 0.084650 0.068654
2.412060 0.064686 0.054529 0.061485 0.076721 0.061169
2.462312 0.057621 0.048244 0.054694 0.069403 0.054335
2.512563 0.051164 0.042575 0.048511 0.062662 0.048113
2.562814 0.045276 0.037478 0.042896 0.056462 0.042462
2.613065 0.039920 0.032907 0.037810 0.050772 0.037344
2.663317 0.035061 0.028822 0.033215 0.045557 0.032721
2.713568 0.030665 0.025179 0.029075 0.040787 0.028556
2.763819 0.026697 0.021942 0.025354 0.036432 0.024815
2.814070 0.023126 0.019073 0.022019 0.032462 0.021463
2.864322 0.019922 0.016537 0.019039 0.028851 0.018470
2.914573 0.017054 0.014302 0.016383 0.025571 0.015805
2.964824 0.014496 0.012338 0.014023 0.022599 0.013439
3.015075 0.012221 0.010617 0.011932 0.019910 0.011346
3.065327 0.010204 0.009112 0.010086 0.017481 0.009501
3.115578 0.008424 0.007802 0.008461 0.015294 0.007880
3.165829 0.006858 0.006663 0.007036 0.013326 0.006462
3.216080 0.005486 0.005676 0.005791 0.011561 0.005226
3.266332 0.004290 0.004823 0.004707 0.009980 0.004155
3.316583 0.003251 0.004087 0.003769 0.008568 0.003229
3.366834 0.002355 0.003456 0.002959 0.007310 0.002435
3.417085 0.001586 0.002914 0.002264 0.006192 0.001758
3.467337 0.000931 0.002451 0.001672 0.005201 0.001183
3.517588 0.000377 0.002057 0.001169 0.004325 0.000700
3.567839 -0.000087 0.001721 0.000746 0.003554 0.000297
3.618090 -0.000471 0.001437 0.000393 0.002876 -0.000036
3.668342 -0.000786 0.001196 0.000101 0.002283 -0.000307
3.718593 -0.001039 0.000994 -0.000138 0.001767 -0.000525
3.768844 -0.001238 0.000823 -0.000330 0.001319 -0.000696
3.819095 -0.001391 0.000680 -0.000483 0.000932 -0.000827
3.869347 -0.001503 0.000561 -0.000601 0.000600 -0.000924
3.919598 -0.001581 0.000461 -0.000689 0.000316 -0.000993
3.969849 -0.001629 0.000378 -0.000753 0.000076 -0.001036
4.020101 -0.001652 0.000309 -0.000796 -0.000125 -0.001059
4.070352 -0.001654 0.000253 -0.000820 -0.000293 -0.001065
4.120603 -0.001638 0.000206 -0.000831 -0.000431 -0.001057
4.170854 -0.001608 0.000167 -0.000829 -0.000542 -0.001038
4.221106 -0.001567 0.000135 -0.000817 -0.000631 -0.001010
4.271357 -0.001516 0.000109 -0.000797 -0.000699 -0.000974
4.321608 -0.001458 0.000088 -0.000772 -0.000751 -0.000933
4.371859 -0.001394 0.000071 -0.000741 -0.000787 -0.000889
4.422111 -0.001327 0.000057 -0.000708 -0.000810 -0.000842
4.472362 -0.001257 0.000045 -0.000672 -0.000822 -0.000793
4.522613 -0.001186 0.000036 -0.000634 -0.000825 -0.000744
4.572864 -0.001115 0.000029 -0.000596 -0.000821 -0.000695
4.623116 -0.001044 0.000023 -0.000557 -0.000809 -0.000646
4.673367 -0.000975 0.000018 -0.000519 -0.000793 -0.000598
4.723618 -0.000907 0.000014 -0.000482 -0.000772 -0.000552
4.773869 -0.000841 0.000011 -0.000445 -0.000747 -0.000508
4.824121 -0.000777 0.000009 -0.000411 -0.000720 -0.000466
4.874372 -0.000716 0.000007 -0.000377 -0.000691 -0.000426
4.924623 -0.000658 0.000005 -0.000345 -0.000661 -0.000388
4.974874 -0.000603 0.000004 -0.000315 -0.000629 -0.000352
5.025126 -0.000551 0.000003 -0.000287 -0.000598 -0.000319
5.075377 -0.000502 0.000003 -0.000260 -0.000566 -0.000288
5.125628 -0.000456 0.000002 -0.000236 -0.000534 -0.000259
5.175879 -0.000414 0.000002 -0.000212 -0.000503 -0.000232
5.226131 -0.000374 0.000001 -0.000191 -0.000472 -0.000207
5.276382 -0.000337 0.000001 -0.000171 -0.000442 -0.000185
5.326633 -0.000302 0.000001 -0.000153 -0.000413 -0.000164
5.376884 -0.000271 0.000001 -0.000137 -0.000385 -0.000145
5.427136 -0.000242 0.000000 -0.000122 -0.000358 -0.000128
5.477387 -0.000215 0.000000 -0.000108 -0.000333 -0.000113
5.527638 -0.000191 0.000000 -0.000095 -0.000308 -0.000099
5.577889 -0.000168 0.000000 -0.000084 -0.000285 -0.000086
5.628141 -0.000148 0.000000 -0.000074 -0.000263 -0.000074
5.678392 -0.000130 0.000000 -0.000064 -0.000243 -0.000064
5.728643 -0.000113 0.000000 -0.000056 -0.000223 -0.000055
5.778894 -0.000098 0.000000 -0.000049 -0.000205 -0.000047
5.829146 -0.000085 0.000000 -0.000042 -0.000188 -0.000040
5.879397 -0.000073 0.000000 -0.000036 -0.000172 -0.000034
5.929648 -0.000062 0.000000 -0.000031 -0.000157 -0.000028
5.979899 -0.000052 0.000000 -0.000026 -0.000143 -0.000023
6.030151 -0.000044 0.000000 -0.000022 -0.000130 -0.000019
6.080402 -0.000036 0.000000 -0.000018 -0.000118 -0.000015
